[05 04 00]
[01 03 00]
[03 04 00]
[09 04 00]
[02 04 00]
[08 03 00]
[04 04 00]
[07 04 00]
[10 04 00]
[10 03 00]
[06 03 00]
[03 03 00]
[01 04 00]
[05 03 00]
[07 03 00]
[04 03 00]
[08 04 00]
[06 04 00]
[09 03 00]
[02 03 00]
[00 18 00]
[07 27 00]
[10 11 00]
[04 26 00]
[02 27 00]
[07 00 01]
[07 13 00]
[10 18 00]
[00 08 00]
[10 08 00]
[07 18 00]
[03 16 00]
[05 28 00]
[08 17 00]
[06 19 00]
[07 14 00]
[07 28 00]
[02 03 00]
[09 16 00]
[03 07 00]
[06 03 00]
[06 14 00]
[01 16 00]
[00 10 00]
[04 17 00]
[05 19 00]
[04 00 01]
[02 02 00]
[07 17 00]
[10 14 00]
[01 24 00]
[10 10 00]
[05 03 00]
[01 19 00]
[00 24 00]
[03 03 00]
[00 13 00]
[02 07 00]
[02 26 00]
[07 08 00]
[10 02 00]
[03 15 00]
[05 23 00]
[07 00 00]
[02 13 00]
[07 15 00]
[08 11 00]
[09 17 00]
[05 10 00]
[10 25 00]
[08 22 00]
[05 22 00]
[05 00 02]
[07 07 00]
[02 10 00]
[04 00 02]
[03 00 02]
[04 08 00]
[06 10 00]
[09 12 00]
[08 00 00]
[03 26 00]
[01 09 00]
[00 25 00]
[02 11 00]
[10 07 00]
[01 26 00]
[07 09 00]
[04 09 00]
[10 03 00]
[07 20 00]
[10 12 00]
[08 18 00]
[00 26 00]
[02 14 00]
[03 18 00]
[00 17 00]
[00 09 00]
[04 20 00]
[09 08 00]
[05 00 01]
[06 18 00]
[04 19 00]
[03 02 00]
[02 19 00]
[02 28 00]
[00 21 00]
[09 18 00]
[02 23 00]
[10 24 00]
[06 11 00]
[02 22 00]
[04 18 00]
[04 03 00]
[05 26 00]
[06 24 00]
[06 16 00]
[07 25 00]
[06 01 00]
[10 17 00]
[08 14 00]
[10 00 00]
[09 24 00]
[08 02 00]
[02 21 00]
[08 13 00]
[09 28 00]
[05 12 00]
[08 00 01]
[05 16 00]
[03 12 00]
[08 25 00]
[09 03 00]
[04 10 00]
[04 24 00]
[05 00 00]
[01 21 00]
[03 20 00]
[03 28 00]
[01 12 00]
[10 15 00]
[06 25 00]
[07 24 00]
[03 23 00]
[00 28 00]
[04 25 00]
[08 08 00]
[10 09 00]
[01 11 00]
[06 12 00]
[06 26 00]
[04 01 00]
[07 21 00]
[08 21 00]
[06 07 00]
[02 15 00]
[10 26 00]
[05 27 00]
[09 27 00]
[01 10 00]
[02 12 00]
[10 21 00]
[05 01 00]
[07 00 02]
[05 14 00]
[08 07 00]
[00 11 00]
[01 15 00]
[09 07 00]
[09 19 00]
[07 19 00]
[02 25 00]
[02 08 00]
[03 24 00]
[01 18 00]
[08 16 00]
[00 12 00]
[00 19 00]
[09 15 00]
[08 20 00]
[02 09 00]
[09 00 01]
[06 08 00]
[02 16 00]
[05 20 00]
[00 15 00]
[03 09 00]
[05 17 00]
[09 20 00]
[05 11 00]
[09 10 00]
[05 02 00]
[04 28 00]
[07 11 00]
[05 08 00]
[00 16 00]
[03 21 00]
[02 24 00]
[03 25 00]
[06 15 00]
[04 27 00]
[07 03 00]
[07 12 00]
[09 22 00]
[01 27 00]
[08 10 00]
[01 23 00]
[03 11 00]
[01 07 00]
[08 23 00]
[06 09 00]
[00 27 00]
[00 14 00]
[03 08 00]
[08 19 00]
[06 02 00]
[09 11 00]
[06 28 00]
[04 14 00]
[06 20 00]
[00 20 00]
[06 00 02]
[09 09 00]
[10 22 00]
[10 00 01]
[10 13 00]
[07 02 00]
[01 14 00]
[03 00 00]
[10 19 00]
[00 23 00]
[03 14 00]
[07 26 00]
[03 10 00]
[03 27 00]
[09 01 00]
[07 01 00]
[04 00 00]
[07 16 00]
[01 22 00]
[09 14 00]
[08 27 00]
[09 23 00]
[04 07 00]
[09 00 02]
[05 21 00]
[09 02 00]
[04 11 00]
[05 25 00]
[08 24 00]
[05 07 00]
[08 12 00]
[09 26 00]
[06 27 00]
[06 22 00]
[01 17 00]
[08 28 00]
[09 21 00]
[04 12 00]
[05 13 00]
[01 25 00]
[03 22 00]
[03 00 01]
[07 23 00]
[03 13 00]
[04 02 00]
[06 21 00]
[03 19 00]
[04 13 00]
[06 00 00]
[04 21 00]
[08 26 00]
[04 23 00]
[10 01 00]
[02 18 00]
[08 00 02]
[04 16 00]
[09 25 00]
[00 22 00]
[01 28 00]
[03 01 00]
[08 09 00]
[06 23 00]
[10 28 00]
[10 00 02]
[08 03 00]
[00 07 00]
[10 16 00]
[08 15 00]
[02 20 00]
[07 22 00]
[01 08 00]
[05 18 00]
[10 27 00]
[10 23 00]
[10 20 00]
[04 22 00]
[03 17 00]
[05 15 00]
[04 15 00]
[08 01 00]
[06 13 00]
[02 17 00]
[06 00 01]
[06 17 00]
[09 13 00]
[01 20 00]
[07 10 00]
[09 00 00]
[05 09 00]
[01 13 00]
[05 24 00]
[09 08 00]
[02 08 00]
[10 08 00]
[09 09 00]
[02 09 00]
[06 08 00]
[04 03 00]
[09 04 00]
[03 09 00]
[03 04 00]
[05 08 00]
[03 03 00]
[05 03 00]
[07 03 00]
[06 04 00]
[08 04 00]
[07 08 00]
[08 09 00]
[06 09 00]
[08 03 00]
[03 08 00]
[06 03 00]
[08 08 00]
[01 08 00]
[09 03 00]
[10 09 00]
[05 04 00]
[04 08 00]
[10 04 00]
[01 09 00]
[04 04 00]
[07 04 00]
[07 09 00]
[04 09 00]
[10 03 00]
[05 09 00]
